000 000 000 000 000 000 000 000 000 000 000 000 000 000 000 000 000 000 000 000 000 000 000 000 000 000 000 000 000 000 000 000 
000 000 000 000 000 000 000 000 000 000 000 000 000 000 000 000 000 000 000 000 000 000 000 000 000 000 000 000 000 000 000 000 
000 000 000 000 000 000 000 000 000 000 000 000 000 000 000 000 000 000 000 000 000 000 000 000 000 000 000 000 000 000 000 000 
000 000 000 000 000 000 000 000 000 000 000 000 000 000 000 000 000 000 000 000 000 000 000 000 000 000 000 000 000 000 000 000 
000 000 000 000 000 000 000 000 000 000 000 000 000 000 000 000 000 000 000 000 000 000 000 000 000 000 000 000 000 000 000 000 
000 000 000 000 000 000 000 000 000 000 000 000 000 000 000 000 000 000 000 000 000 000 000 000 000 000 000 000 000 000 000 000 
000 000 000 000 000 000 000 000 000 000 000 000 001 001 001 001 001 000 000 000 000 000 000 000 000 000 000 000 000 000 000 000 
000 000 000 000 000 000 000 000 000 000 001 001 f00 f00 f00 f00 f00 001 001 000 000 000 000 000 000 000 000 000 000 000 000 000 
000 000 000 000 000 000 000 000 000 001 f00 f00 f00 f00 f00 f00 f00 f00 f00 001 000 000 000 000 000 000 000 000 000 000 000 000 
000 000 000 000 000 000 000 000 001 f00 001 001 001 001 f00 001 001 001 001 f00 001 000 000 000 000 000 000 000 000 000 000 000 
000 000 000 000 000 000 000 001 f00 001 fff fff fff 001 f00 001 fff fff fff 001 f00 001 000 000 000 000 000 000 000 000 000 000 
000 000 000 000 000 000 000 001 f00 001 fff fff fff 001 f00 001 fff fff fff 001 f00 001 000 000 000 000 000 000 000 000 000 000 
000 000 000 000 000 000 000 001 f00 001 fff fff fff 001 f00 001 fff fff fff 001 f00 001 000 000 000 000 000 000 000 000 000 000 
000 000 000 000 000 000 001 f00 001 fff fff fff fff 001 f00 001 fff fff fff fff 001 f00 001 000 000 000 000 000 000 000 000 000 
000 000 000 000 000 000 001 f00 001 fff fff fff fff 001 f00 001 fff fff fff fff 001 f00 001 000 000 000 000 000 000 000 000 000 
000 000 000 001 001 001 001 f00 001 001 001 001 001 001 f00 001 001 001 001 001 001 f00 001 001 001 001 001 000 000 000 000 000 
000 000 001 f00 f00 f00 f00 f00 f00 f00 f00 f00 f00 f00 f00 f00 f00 f00 f00 f00 f00 f00 f00 f00 f00 f00 f00 001 000 000 000 000 
000 000 001 f00 f00 f00 f00 f00 f00 f00 f00 f00 f00 f00 f00 f00 f00 f00 f00 f00 f00 f00 f00 f00 f00 f00 001 ff0 001 000 000 000 
000 000 001 f00 f00 f00 f00 f00 f00 f00 f00 f00 f00 f00 f00 f00 f00 f00 f00 f00 f00 f00 f00 f00 f00 f00 001 ff0 001 000 000 000 
000 000 001 f00 f00 f00 001 001 001 f00 f00 f00 f00 f00 f00 f00 f00 f00 f00 f00 f00 001 001 001 f00 f00 f00 001 001 000 000 000 
000 000 001 f00 f00 001 333 333 333 001 f00 f00 f00 f00 f00 f00 f00 f00 f00 f00 001 333 333 333 001 f00 f00 f00 f00 001 000 000 
000 000 001 f00 001 333 999 001 999 333 001 f00 f00 f00 f00 f00 f00 f00 f00 001 333 999 001 999 333 001 f00 f00 f00 001 000 000 
000 000 001 001 001 333 001 001 001 333 001 001 001 001 001 001 001 001 001 001 333 001 001 001 333 001 001 001 001 000 000 000 
000 000 000 000 001 333 999 001 999 333 001 000 000 000 000 000 000 000 000 001 333 999 001 999 333 001 000 000 000 000 000 000 
000 000 000 000 000 001 333 333 333 001 000 000 000 000 000 000 000 000 000 000 001 333 333 333 001 000 000 000 000 000 000 000 
000 000 000 000 000 000 001 001 001 000 000 000 000 000 000 000 000 000 000 000 000 001 001 001 000 000 000 000 000 000 000 000 
000 000 000 000 000 000 000 000 000 000 000 000 000 000 000 000 000 000 000 000 000 000 000 000 000 000 000 000 000 000 000 000 
000 000 000 000 000 000 000 000 000 000 000 000 000 000 000 000 000 000 000 000 000 000 000 000 000 000 000 000 000 000 000 000 
000 000 000 000 000 000 000 000 000 000 000 000 000 000 000 000 000 000 000 000 000 000 000 000 000 000 000 000 000 000 000 000 
000 000 000 000 000 000 000 000 000 000 000 000 000 000 000 000 000 000 000 000 000 000 000 000 000 000 000 000 000 000 000 000 
000 000 000 000 000 000 000 000 000 000 000 000 000 000 000 000 000 000 000 000 000 000 000 000 000 000 000 000 000 000 000 000 
000 000 000 000 000 000 000 000 000 000 000 000 000 000 000 000 000 000 000 000 000 000 000 000 000 000 000 000 000 000 000 000 
000 000 000 000 000 000 000 000 000 000 000 000 000 000 000 000 000 000 000 000 000 000 000 000 000 000 000 000 000 000 000 000 